year,month,year_mm,no_of_rainy_days,total_rainfall,mean_rel_humid,max_temperature,total_intl_arr,SEA,china,north_asia,south_asia,west_asia,americas,europe,oceania,africa
2006,1,2006-01-01,20,454.4,87.8,32.0,767908,260033,126500,86071,55323,5530,43328,109806,73612,7267
2006,2,2006-02-01,8,115.5,84.0,33.3,728158,236406,138037,85584,51966,4657,42178,114833,48706,5390
2006,3,2006-03-01,9,83.1,81.3,34.6,819985,279370,130021,98576,63598,8169,46347,124983,61275,7193
2006,4,2006-04-01,18,239.8,87.0,34.1,816654,298081,144917,73113,70380,5012,37580,103077,75336,8712
2006,5,2006-05-01,14,205.7,85.2,33.8,766181,286718,118874,77211,94733,4610,38753,76368,62002,6427
2006,6,2006-06-01,16,236.8,86.3,32.7,788955,309637,113776,79551,83838,6656,43520,70681,74589,6236
2006,7,2006-07-01,15,153.8,83.8,33.1,914879,330905,169839,98188,70932,11863,48864,92896,82212,8693
2006,8,2006-08-01,14,127.3,81.9,33.1,870763,299995,158934,107892,66832,12147,41972,105503,69023,7959
2006,9,2006-09-01,12,83.3,81.0,32.8,715527,261202,100087,80696,63987,5994,36588,85794,73482,6999
2006,10,2006-10-01,8,102.0,80.9,33.6,857821,364760,110223,82644,72637,5484,38373,103587,72903,6591
2006,11,2006-11-01,18,185.6,87.4,33.2,800732,279253,128131,95900,66538,5463,45838,112954,58487,7589
2006,12,2006-12-01,22,765.9,88.5,32.7,903578,371005,121114,84583,79502,6646,46432,109711,72785,11289
2007,1,2007-01-01,20,450.1,86.8,32.7,825919,280266,113815,96758,66798,6236,47589,128031,77007,8962
2007,2,2007-02-01,3,105.5,82.5,33.3,758341,242991,162485,78430,54724,5793,40766,121252,46214,4988
2007,3,2007-03-01,21,269.1,84.9,33.5,858661,304096,118635,100986,69291,10891,49806,135206,60051,8395
2007,4,2007-04-01,14,240.2,84.7,33.7,819505,300395,144824,70261,77609,6481,39032,102227,68362,9702
2007,5,2007-05-01,16,127.2,84.8,33.4,821248,305549,126217,73313,114903,5637,39413,78426,70147,6795
2007,6,2007-06-01,12,139.0,82.8,34.0,850514,340695,120946,79392,98044,7570,42419,73751,80123,7058
2007,7,2007-07-01,19,141.7,84.8,33.0,952836,347869,167225,95406,79495,13900,49383,99256,90380,9338
2007,8,2007-08-01,20,190.7,82.9,32.5,913181,312746,169495,104289,76061,14313,42941,109224,74195,9058
2007,9,2007-09-01,13,149.0,83.3,32.6,771453,272728,116353,84525,70842,6412,35013,88819,84688,6820
2007,10,2007-10-01,16,237.2,83.2,33.7,917427,372774,122361,85301,76776,6469,46409,106413,87496,7942
2007,11,2007-11-01,21,367.9,86.5,33.5,841648,277053,141308,98678,79950,6375,44743,113635,69545,6785
2007,12,2007-12-01,20,468.6,86.8,31.8,953812,367574,134088,94677,89478,8531,46664,109562,89817,12787
2008,1,2008-01-01,19,262.6,86.0,33.5,885290,277557,145726,103460,76189,7206,47540,124515,93022,9504
2008,2,2008-02-01,8,129.2,82.9,33.4,813028,255547,167633,88478,65091,6882,42718,122346,58822,5022
2008,3,2008-03-01,16,294.1,87.1,32.7,910635,312642,140905,97077,76460,13567,50240,141721,69741,7734
2008,4,2008-04-01,13,87.2,82.0,33.3,829438,296937,142790,70311,84085,7158,39477,107745,72444,7903
2008,5,2008-05-01,11,124.9,79.1,34.1,833604,292928,124860,78866,122586,6135,38871,85942,76912,5910
2008,6,2008-06-01,12,118.3,81.5,32.9,822954,309564,108212,76951,104211,9461,42579,79538,85419,6431
2008,7,2008-07-01,15,89.1,81.3,32.7,922569,322370,154705,87345,85471,15161,48591,106176,93866,8293
2008,8,2008-08-01,18,327.3,83.8,32.7,850016,279089,136725,96109,80388,15263,40453,115651,77039,8727
2008,9,2008-09-01,18,164.4,82.7,32.9,745794,276194,100597,74721,69508,6922,31823,94826,84600,6013
2008,10,2008-10-01,19,159.5,84.9,33.3,849400,317385,111262,78748,85228,8528,41640,110068,88100,7873
2008,11,2008-11-01,16,324.3,85.9,33.0,765325,266543,111753,72743,73883,7112,40132,117515,68586,6482
2008,12,2008-12-01,17,244.2,83.7,32.6,888001,364652,101998,69963,84023,10542,41347,116318,88456,10628
2009,1,2009-01-01,5,38.3,79.1,32.6,772138,243584,145972,63943,61028,7109,38044,116663,88918,6874
2009,2,2009-02-01,8,201.8,80.7,35.0,689935,231174,113312,70257,56130,7176,35014,116089,56345,4438
2009,3,2009-03-01,19,223.3,85.4,33.2,791236,283896,125937,67628,61328,14730,41421,130029,60594,5570
2009,4,2009-04-01,12,183.7,82.2,34.7,778975,292558,128044,53014,73709,7817,36347,108721,72719,6044
2009,5,2009-05-01,17,198.6,83.0,33.6,726391,286750,86145,51730,104524,7251,33982,82992,68000,5007
2009,6,2009-06-01,8,21.8,79.8,33.7,750404,320157,76165,49216,95946,9494,39140,78469,76157,5626
2009,7,2009-07-01,16,161.0,80.8,33.1,882107,327832,124316,77111,87003,14654,45315,107151,91338,7357
2009,8,2009-08-01,12,177.8,80.7,33.5,844649,289154,141676,83076,73878,12389,40065,120519,77091,6801
2009,9,2009-09-01,13,109.6,82.0,33.0,799496,339293,92360,68331,72841,8743,30958,98164,83704,5101
2009,10,2009-10-01,15,133.4,82.8,33.9,844953,314781,123066,59384,85135,7365,41428,114992,92106,6693
2009,11,2009-11-01,23,281.8,85.6,34.1,830173,321009,123723,58613,66228,10364,43839,122820,77327,6248
2009,12,2009-12-01,18,189.8,86.3,32.6,972233,434660,120167,60515,91153,9917,42170,110895,92248,10506
2010,1,2010-01-01,10,69.5,82.1,32.3,908495,331917,135038,77235,74021,8796,44900,130002,99207,7363
2010,2,2010-02-01,4,6.3,77.3,35.2,857387,300249,187197,70307,59574,10370,39669,124919,60674,4418
2010,3,2010-03-01,11,238.0,79.9,35.5,928903,360196,130797,82015,70804,17358,46657,144873,70292,5907
2010,4,2010-04-01,18,158.5,84.1,34.5,939013,390638,143627,60001,94417,9170,43034,113930,77745,6449
2010,5,2010-05-01,17,157.5,82.2,35.2,946676,403211,122304,69073,133278,8692,40131,92340,72648,4999
2010,6,2010-06-01,19,240.5,83.9,33.5,951032,433880,117363,66601,102568,11631,46349,82013,85528,5095
2010,7,2010-07-01,18,298.5,84.8,33.4,1095047,456012,191372,77397,86537,20156,50467,107517,99208,6376
2010,8,2010-08-01,16,158.4,84.2,33.1,996899,361982,202152,90929,75340,13658,44148,123392,78296,6994
2010,9,2010-09-01,13,121.5,82.5,33.2,947585,447797,117856,70739,71215,12752,34775,95864,90846,5739
2010,10,2010-10-01,17,166.2,82.3,34.1,978913,410399,140932,72547,92987,9647,45972,113339,87077,6013
2010,11,2010-11-01,21,278.8,85.9,33.1,964170,391582,138429,79441,89484,13507,43978,129448,72468,5830
2010,12,2010-12-01,14,181.4,85.3,33.6,1127581,533890,146472,74178,96082,10819,44765,116043,95127,10205
2011,1,2011-01-01,17,513.2,85.8,32.4,1055990,396955,181388,89922,80526,10097,49308,132616,107333,7843
2011,2,2011-02-01,8,23.0,81.1,33.5,990118,377595,209673,95076,65802,10652,43634,120443,63345,3897
2011,3,2011-03-01,22,256.6,85.5,33.5,1071960,434867,179323,89686,74389,17157,56454,140756,73806,5521
2011,4,2011-04-01,12,217.8,83.9,33.1,1103320,456954,205001,66392,94611,9340,45449,121349,97698,6525
2011,5,2011-05-01,15,127.0,85.3,35.3,1054104,447119,169371,75400,131217,9512,43167,87405,86375,4536
2011,6,2011-06-01,15,213.0,83.7,33.1,1080066,490223,164488,72355,108583,12476,47880,80166,98646,5249
2011,7,2011-07-01,7,76.6,81.3,32.9,1273870,497719,277466,96250,93197,22187,53651,113854,112000,7454
2011,8,2011-08-01,13,81.4,82.6,32.5,1178511,449333,263202,116472,78694,13462,43227,124298,84623,5200
2011,9,2011-09-01,14,136.4,82.7,32.4,1033747,450741,156030,92553,76611,13020,37354,104492,96987,5934
2011,10,2011-10-01,20,216.8,87.4,32.5,1085193,437413,184153,91377,95389,9542,47929,117723,95623,6042
2011,11,2011-11-01,24,377.8,87.8,32.5,1027787,414851,149816,94486,89970,14584,48158,130163,80355,5403
2011,12,2011-12-01,21,284.6,88.4,32.3,1216637,560480,167257,92226,102226,12264,47529,128389,96626,9634
2012,1,2012-01-01,16,106.1,87.3,32.5,1198507,432507,270576,96683,73360,10230,51653,150022,107329,6107
2012,2,2012-02-01,11,83.6,85.6,32.9,1134554,424993,217565,112776,78699,10478,54048,159924,71466,4508
2012,3,2012-03-01,21,313.4,87.3,33.2,1243133,484166,240492,109198,82938,15711,60074,165101,79598,5855
2012,4,2012-04-01,20,260.6,85.1,32.9,1201953,493900,246075,80556,98688,10029,47323,126201,92969,6211
2012,5,2012-05-01,19,292.0,83.1,33.7,1146448,490836,195027,83112,142003,8702,46711,91559,84044,4451
2012,6,2012-06-01,8,53.0,79.0,32.7,1157739,502674,182892,86815,114364,14077,52552,87205,106256,5083
2012,7,2012-07-01,17,130.8,81.1,32.1,1283611,481014,288258,103740,89931,15998,55947,122181,120719,5809
2012,8,2012-08-01,12,119.0,79.8,32.7,1313604,517640,286756,130287,84393,16915,46622,134641,91197,5106
2012,9,2012-09-01,10,107.6,79.7,32.7,1051348,407516,183313,97357,78515,10867,41010,113107,113926,5498
2012,10,2012-10-01,13,122.2,81.3,33.1,1192580,465620,231172,97453,92897,12244,50635,124645,112576,4910
2012,11,2012-11-01,22,208.2,85.4,32.8,1212079,484855,235903,104935,93535,9208,52501,131485,93865,5397
2012,12,2012-12-01,22,363.4,87.0,32.2,1360536,593887,236886,100909,103142,12180,57292,131438,115234,8884
2013,1,2013-01-01,15,262.0,82.1,35.2,1291718,460013,256173,116158,92370,10529,61382,155741,132869,6338
2013,2,2013-02-01,22,395.2,86.9,32.5,1221365,405346,342660,108731,76153,9734,54112,144455,76189,3659
2013,3,2013-03-01,10,85.8,80.4,33.8,1368891,523832,280596,124217,91079,14304,62006,170603,95912,5755
2013,4,2013-04-01,19,159.4,82.7,34.9,1274246,497388,293857,84637,101705,11626,52338,123042,104538,5056
2013,5,2013-05-01,17,211.4,83.1,33.9,1288282,534890,263093,89444,141973,8816,47760,101794,95910,4506
2013,6,2013-06-01,12,111.4,74.6,34.5,1288950,557007,243393,94290,121033,13492,56119,94881,103351,5298
2013,7,2013-07-01,15,174.6,79.9,33.5,1419657,512094,366741,112139,94977,12094,56981,130507,128840,5242
2013,8,2013-08-01,15,165.6,79.0,32.8,1483520,585102,348046,138341,90823,24739,49860,150069,91154,5357
2013,9,2013-09-01,19,257.0,81.3,32.9,1176142,445923,241300,109529,84032,11861,43109,117020,117498,5852
2013,10,2013-10-01,19,285.4,79.9,33.2,1203746,512989,180418,108282,93071,15847,50079,130033,108090,4917
2013,11,2013-11-01,22,292.4,84.6,32.9,1184002,505058,182352,113069,93631,9690,51911,135130,88211,4932
2013,12,2013-12-01,21,348.2,85.8,33.7,1367404,626753,188271,106966,109328,14064,55788,138066,118586,9575
2014,1,2014-01-01,5,75.4,78.5,31.8,1345842,497205,264443,119359,85714,11464,60370,162551,138986,5729
2014,2,2014-02-01,1,0.2,74.5,33.8,1238239,440212,287243,121222,81187,11577,58987,156630,76921,4238
2014,3,2014-03-01,6,66.0,76.0,34.4,1297551,508913,232681,127048,90346,15614,66875,168535,82577,4948
2014,4,2014-04-01,17,110.0,80.0,34.5,1245307,511901,224305,87061,103761,12344,48811,140349,110478,6291
2014,5,2014-05-01,18,125.8,80.2,33.8,1208532,549855,172254,96160,138919,9852,46359,100622,90197,4305
2014,6,2014-06-01,11,71.4,77.5,33.6,1181422,552708,167167,93685,117244,12928,50633,88947,93721,4382
2014,7,2014-07-01,15,148.6,78.3,33.2,1408400,568294,309197,116155,91829,16438,54556,124542,121954,5435
2014,8,2014-08-01,20,241.0,79.7,31.9,1362935,480265,305291,151961,95406,27567,47977,153482,94518,6468
2014,9,2014-09-01,9,83.6,75.6,33.2,1098626,436327,173014,113725,85979,11961,42437,120902,109434,4846
2014,10,2014-10-01,10,120.0,77.0,34.1,1203527,485039,200246,113472,110357,14898,47969,129264,97886,4191
2014,11,2014-11-01,23,250.8,82.4,33.4,1144230,463159,194072,109720,92377,10844,52340,134238,81969,5507
2014,12,2014-12-01,17,245.6,82.6,33.6,1360541,619198,192653,112880,107009,14667,57955,137315,109269,9594
2015,1,2015-01-01,6,79.6,77.6,32.4,1252608,448133,207586,130360,94529,13037,64780,158529,129274,6377
2015,2,2015-02-01,6,18.8,75.4,33.6,1188818,380389,327971,113888,76576,9073,57924,147155,72276,3562
2015,3,2015-03-01,5,84.4,75.8,34.4,1201648,461999,198908,122861,91552,16316,64764,160349,79761,5138
2015,4,2015-04-01,13,73.2,77.1,34.4,1208624,478213,243881,88349,108179,12262,49143,128157,94029,6410
2015,5,2015-05-01,12,89.0,78.9,34.2,1222836,512074,214376,96909,151623,10058,48014,99889,85227,4663
2015,6,2015-06-01,10,95.8,75.8,34.3,1184747,496392,222897,90541,121413,9962,55325,88472,95694,4051
2015,7,2015-07-01,13,116.8,74.9,32.7,1519233,579570,383975,116129,106930,20337,56521,136833,113554,5383
2015,8,2015-08-01,11,185.8,76.7,33.1,1445062,444137,408047,153400,101316,22048,49942,163413,96656,6102
2015,9,2015-09-01,8,61.6,75.0,33.2,1131976,414155,219786,113105,91560,15313,42354,119898,110596,5206
2015,10,2015-10-01,9,87.2,75.4,33.6,1246947,465052,236418,117039,110301,10882,52973,139262,109160,5857
2015,11,2015-11-01,13,72.6,79.1,33.6,1203992,455128,221707,112895,109202,11096,55155,146342,87045,5417
2015,12,2015-12-01,19,302.3,81.1,33.1,1424978,612913,240080,111637,114739,15497,60391,147577,113008,9136
2016,1,2016-01-01,15,126.6,79.6,32.8,1412123,473005,302777,136486,103184,14073,66988,179868,129377,6364
2016,2,2016-02-01,10,186.0,78.8,32.7,1335097,440596,373011,123252,82979,11158,58800,173348,68362,3591
2016,3,2016-03-01,6,6.2,74.7,34.1,1406607,499023,328713,120159,99974,20822,63521,181967,86381,6045
2016,4,2016-04-01,14,89.8,75.6,35.0,1393972,516058,346908,91011,121482,12264,52570,141925,105445,6308
2016,5,2016-05-01,12,193.8,77.4,34.6,1357543,541795,304453,99965,164572,11708,50578,103933,75598,4941
2016,6,2016-06-01,13,162.8,77.7,33.4,1270531,493485,302687,98803,130189,8629,56233,86155,90417,3932
2016,7,2016-07-01,20,168.6,77.3,33.4,1622405,607290,430751,119480,115028,24247,59258,140279,119907,6165
2016,8,2016-08-01,15,139.2,74.0,33.8,1481876,447752,433176,155678,107278,22592,48661,167971,92290,6478
2016,9,2016-09-01,15,118.9,73.9,34.4,1144063,413178,232061,106835,97415,17859,42901,123106,105400,5308
2016,10,2016-10-01,16,181.0,72.0,34.6,1237675,471598,232317,97212,119033,11017,53083,149426,97974,6015
2016,11,2016-11-01,20,290.2,77.6,32.6,1235433,465948,247733,100810,114255,11281,60401,144990,83536,6478
2016,12,2016-12-01,23,292.6,72.8,33.6,1506134,637752,286667,101187,123606,14895,67650,150103,113380,10784
2017,1,2017-01-01,21,197.6,84.8,33.7,1480479,478812,389744,113643,100555,12581,72376,177009,128719,7040
2017,2,2017-02-01,15,158.4,83.2,32.4,1361010,437738,342756,132843,95038,11749,68575,188107,79801,4403
2017,3,2017-03-01,11,136.2,82.5,33.3,1480161,534535,328080,126243,107296,22042,72468,188890,95041,5566
2017,4,2017-04-01,21,208.6,83.5,34.4,1470750,555812,338068,95081,134505,12708,55814,163089,108478,7195
2017,5,2017-05-01,15,190.0,82.8,32.8,1363897,502134,298939,106798,195198,10189,54290,107646,83916,4787
2017,6,2017-06-01,10,106.0,80.2,33.0,1387601,567156,283320,102427,156862,12753,64461,97934,98259,4427
2017,7,2017-07-01,9,79.6,79.6,32.4,1632135,560387,455964,121532,123743,20463,66833,154203,122061,6948
2017,8,2017-08-01,18,84.2,79.9,33.0,1559283,477817,458502,155871,118131,21152,53414,179183,88232,6979
2017,9,2017-09-01,19,124.4,81.0,32.4,1320050,464113,289803,117359,128319,13738,48313,138100,114853,5451
2017,10,2017-10-01,18,120.8,82.5,34.6,1402299,501024,313669,118060,144299,11036,54388,149618,104578,5627
2017,11,2017-11-01,24,268.6,86.3,32.5,1397330,503852,311846,127487,109309,11524,74042,159370,93191,6705
2017,12,2017-12-01,23,371.2,85.2,33.5,1569616,641734,305363,107072,146232,14639,73679,150754,118557,11583
2018,1,2018-01-01,25,287.0,86.6,33.2,1563359,495111,358429,139610,133622,13833,81781,204876,128660,7433
2018,2,2018-02-01,5,14.8,77.2,33.5,1491970,451842,452920,121367,102173,11038,76079,200960,70873,4715
2018,3,2018-03-01,10,44.6,78.4,34.2,1584406,553248,349144,132206,130137,20025,85412,210751,96834,6648
2018,4,2018-04-01,14,61.2,78.5,35.0,1544248,556681,370121,94826,152229,12030,69578,168796,112641,7346
2018,5,2018-05-01,19,132.2,79.0,34.2,1470891,533719,330962,100225,218406,8787,62094,121103,90743,4851
2018,6,2018-06-01,17,182.6,79.3,33.4,1544679,648291,316668,98947,179143,11585,70116,108999,105642,5287
2018,7,2018-07-01,10,143.2,77.7,33.0,1732896,583679,470287,125988,145372,19564,76827,176230,126691,8256
2018,8,2018-08-01,11,121.6,77.0,33.2,1683122,509153,487260,163269,130017,21407,60752,206031,97395,7834
2018,9,2018-09-01,13,144.4,77.1,33.0,1415149,497316,309748,124766,126605,11098,56056,159993,123418,6146
2018,10,2018-10-01,18,234.4,79.7,34.5,1467380,533250,314537,127966,140584,10437,62266,162926,109285,6129
2018,11,2018-11-01,27,169.6,83.2,33.4,1406985,514632,280164,124453,142818,10396,75548,167566,85319,6088
2018,12,2018-12-01,19,172.6,81.5,33.8,1603217,644044,302561,105988,144231,13458,85208,175053,119602,13072
2019,1,2019-01-01,9,63.6,75.6,33.4,1624593,491810,393850,139127,126665,11527,92393,224478,137660,7083
2019,2,2019-02-01,5,31.6,74.1,34.1,1499051,455405,423941,132146,108449,9935,77043,213198,74454,4480
2019,3,2019-03-01,6,72.2,72.3,34.8,1564664,530303,365215,131235,128593,15025,91115,213342,83730,6106
2019,4,2019-04-01,9,174.8,77.6,34.5,1596724,554453,389376,104688,145854,14102,75440,181375,124189,7247
2019,5,2019-05-01,13,69.0,79.2,34.7,1487791,535242,349842,102715,202168,8729,69238,119900,94996,4961
2019,6,2019-06-01,16,173.8,79.5,33.0,1551847,622117,338988,102441,170742,14877,81305,110587,104003,6787
2019,7,2019-07-01,8,12.2,75.2,33.4,1802593,617788,498897,130551,138129,20611,88663,173060,127346,7548
2019,8,2019-08-01,6,11.8,72.1,34.0,1736102,520958,499809,173762,135500,22847,71328,203813,99796,8289
2019,9,2019-09-01,4,22.8,73.0,34.3,1463543,511664,318888,132515,129203,11778,64342,159864,127327,7961
2019,10,2019-10-01,15,176.8,78.1,34.4,1530479,555996,331072,136707,142972,12276,68654,164050,112052,6697
2019,11,2019-11-01,15,137.4,79.2,34.4,1533668,565680,319671,125534,139058,12438,82972,179959,100883,7472
2019,12,2019-12-01,14,421.5,83.9,32.3,1724961,662907,342199,118932,146360,14757,100218,189183,134070,16335
